0 0.7042383292383293 0.025875307125307157 0.867014742014742 0.535703316953317 
0 0.8613841113841114 0.13106572481572484 0.9202497952497952 0.5226504914004914 
0 0.9253685503685504 0.07040847665847669 0.9586404586404585 0.5065264127764127 
0 0.9591523341523341 0.06349815724815727 0.9944717444717444 0.47658169533169537 
0 0.4293611793611794 0.009751228501228537 0.6397420147420149 0.5426136363636364 
0 0.4083742833742834 0.26312960687960685 0.4887387387387388 0.5372389434889435 
0 0.3873873873873874 0.31150184275184273 0.4580262080262081 0.5272573710073709 
0 0.12735462735462738 0.015125921375921402 0.2921785421785422 0.5763974201474201 
0 0.25122850122850127 0.03585687960687963 0.3648648648648649 0.5525952088452089 
0 0.27989352989352995 0.13951167076167076 0.3725429975429976 0.5548986486486486 
